#NSGA2
popsize 10
maxGen 20
numVar 8
numObj 2
numCons 0
stateFieldNames	currentGen	evaluateCount	totalTime	firstFrontCount	frontCount	avgEvalTime	
#end


#Generation 1 / 20
currentGen	1
evaluateCount	10
totalTime	5.77845
firstFrontCount	7
frontCount	4
avgEvalTime	0.572594
#end
Var1	Var2	Var3	Var4	Var5	Var6	Var7	Var8	Obj1	Obj2	
13.5373	33.923	20.7385	95.0144	78.0302	96.8746	88.8439	96.0115	810.844	3511.92	
91.1781	1.269	58.6747	46.9389	98.3976	19.0505	14.5115	46.6413	1095.92	3602.3	
39.84	77.4836	65.5389	5.55117	10.0426	68.797	36.6138	65.1716	3675.1	2005.02	
6.28943	81.0438	98.6586	98.5077	77.5166	80.7634	5.14052	74.6513	291.429	4791.93	
14.8706	22.9465	28.6515	49.6054	62.472	6.56625	15.0664	63.8778	379.767	3581.65	
45.6578	23.5628	40.0163	75.5246	82.8047	82.1759	32.6117	8.4786	509.058	2963.06	
94.577	64.7485	60.3855	57.2623	16.2688	89.7239	69.8174	99.1468	611.358	2816.46	
96.8501	53.0456	40.0483	82.1384	79.8155	82.5967	70.7135	14.1696	552.784	2684.89	
83.2785	42.4269	68.9422	18.2844	50.341	18.0403	58.2451	49.7831	2547.2	2132.03	
12.3447	14.9278	30.2396	52.0882	67.1056	29.5449	41.389	29.8547	480.64	3313.83	



#Generation 2 / 20
currentGen	2
evaluateCount	20
totalTime	12.228
firstFrontCount	9
frontCount	2
avgEvalTime	0.553232
#end
Var1	Var2	Var3	Var4	Var5	Var6	Var7	Var8	Obj1	Obj2	
6.28943	81.0438	98.6586	98.5077	77.5166	80.7634	5.14052	74.6513	291.429	4791.93	
14.8706	22.9465	28.6515	49.6054	62.472	6.56625	15.0664	63.8778	379.767	3581.65	
45.6578	23.5628	40.0163	75.5246	82.8047	82.1759	32.6117	8.4786	509.058	2963.06	
96.8501	53.0456	40.0483	82.1384	79.8155	82.5967	70.7135	14.1696	552.784	2684.89	
12.3447	14.9278	30.2396	52.0882	67.1056	29.5449	41.389	29.8547	480.64	3313.83	
16.8333	21.7261	20.7385	95.0144	74.5298	94.7082	88.8439	96.0115	396.646	3402.86	
52.0292	75.8706	65.5389	5.55117	92.7949	68.797	28.3621	46.2871	3211.44	1978	
83.2785	42.4269	68.9422	18.2844	50.9465	43.4503	58.2451	49.7831	2463.91	2102.92	
96.8501	75.5505	40.0483	86.8699	79.8155	75.4647	70.7135	14.1696	802.545	2568.32	
6.28943	80.3601	98.6586	30.4578	77.5166	80.7634	5.14052	72.5195	576.552	3986.34	



#Generation 3 / 20
currentGen	3
evaluateCount	30
totalTime	17.5643
firstFrontCount	10
frontCount	1
avgEvalTime	0.532544
#end
Var1	Var2	Var3	Var4	Var5	Var6	Var7	Var8	Obj1	Obj2	
14.8706	22.9465	28.6515	49.6054	62.472	6.56625	15.0664	63.8778	379.767	3581.65	
96.8501	53.0456	40.0483	82.1384	79.8155	82.5967	70.7135	14.1696	552.784	2684.89	
16.8333	21.7261	20.7385	95.0144	74.5298	94.7082	88.8439	96.0115	396.646	3402.86	
52.0292	75.8706	65.5389	5.55117	92.7949	68.797	28.3621	46.2871	3211.44	1978	
83.2785	42.4269	68.9422	18.2844	50.9465	43.4503	58.2451	49.7831	2463.91	2102.92	
96.8501	75.5505	40.0483	86.8699	79.8155	75.4647	70.7135	14.1696	802.545	2568.32	
49.0766	22.9465	28.6515	49.6054	74.0613	28.4206	15.0664	63.8778	472.206	2942.71	
6.28943	78.9703	98.6586	85.7153	87.4596	66.8651	39.6699	74.6513	238.543	4348.38	
16.3289	81.0438	98.6586	98.5077	77.5166	80.7634	27.8797	74.6513	271.309	3662.18	
83.2785	42.4269	68.9422	18.2844	50.9465	30.1323	58.2451	49.7831	2123.55	2196.96	



#Generation 4 / 20
currentGen	4
evaluateCount	40
totalTime	22.8466
firstFrontCount	10
frontCount	1
avgEvalTime	0.527418
#end
Var1	Var2	Var3	Var4	Var5	Var6	Var7	Var8	Obj1	Obj2	
6.28943	78.9703	100	51.9375	87.4596	66.8651	39.6699	74.6513	207.066	4323.92	
52.0292	75.8706	71.8618	10.8512	93.9171	60.3869	40.2069	57.3222	3948.53	1939.78	
28.3861	88.7835	33.5671	95.0144	74.5298	94.7082	88.8439	84.3087	247.545	3488.55	
93.3686	42.4269	68.9422	18.2844	50.9465	43.4503	58.2451	49.7831	2248.11	2045.01	
83.2785	42.4269	74.5121	33.5469	50.9465	43.4503	58.2451	34.6393	1317.94	2519.3	
83.2785	42.4269	68.9422	25.8737	50.9465	30.1323	58.2451	49.7831	1861.26	2380.29	
49.0766	22.9465	28.6515	49.6054	74.0613	28.4206	15.0664	63.8778	472.206	2942.71	
52.0292	75.8706	65.5389	5.55117	92.7949	68.797	28.3621	46.2871	3211.44	1978	
16.8333	21.7261	20.7385	95.0144	74.5298	94.7082	88.8439	96.0115	396.646	3402.86	
96.8501	75.5505	40.0483	86.8699	79.8155	75.4647	70.7135	14.1696	802.545	2568.32	



#Generation 5 / 20
currentGen	5
evaluateCount	50
totalTime	28.3397
firstFrontCount	10
frontCount	1
avgEvalTime	0.548021
#end
Var1	Var2	Var3	Var4	Var5	Var6	Var7	Var8	Obj1	Obj2	
52.0292	75.8706	71.8618	10.8512	93.9171	60.3869	40.2069	57.3222	3948.53	1939.78	
6.28943	78.9703	100	51.9375	87.4596	66.8651	39.6699	74.6513	207.066	4323.92	
52.0292	75.8706	65.5389	5.55117	92.7949	68.797	28.3621	46.2871	3211.44	1978	
49.0766	22.9465	28.6515	52.23	82.388	51.326	15.0664	63.8778	465.066	2841.62	
28.3861	88.7835	33.5671	95.0144	74.5298	94.7082	88.8439	84.3087	247.545	3488.55	
93.3686	42.4269	68.9422	18.2844	50.9465	43.4503	58.2451	49.7831	2248.11	2045.01	
96.8501	75.5505	40.0483	86.8699	79.8155	75.4647	70.7135	14.1696	802.545	2568.32	
83.2785	42.4269	74.5121	33.5469	50.9465	43.4503	58.2451	34.6393	1317.94	2519.3	
16.8333	21.7261	20.7385	95.0144	74.5298	94.7082	88.8439	96.0115	396.646	3402.86	
52.0292	75.8706	71.8618	17.6611	93.9171	60.3869	40.2069	57.3222	2150.37	2331.71	



#Generation 6 / 20
currentGen	6
evaluateCount	60
totalTime	34.0814
firstFrontCount	10
frontCount	1
avgEvalTime	0.550821
#end
Var1	Var2	Var3	Var4	Var5	Var6	Var7	Var8	Obj1	Obj2	
52.0292	75.8706	65.5389	0	88.0837	68.797	31.7678	46.2871	4011.63	1694.05	
6.28943	78.9703	100	51.9375	87.4596	66.8651	39.6699	74.6513	207.066	4323.92	
83.2785	42.4269	74.5121	33.5469	50.9465	43.4503	58.2451	34.6393	1317.94	2519.3	
52.0292	75.8706	71.8618	17.6611	93.9171	60.3869	40.2069	57.3222	2150.37	2331.71	
93.3686	42.4269	68.9422	18.2844	50.9465	43.4503	58.2451	49.7831	2248.11	2045.01	
49.0766	22.9465	28.6515	52.23	82.388	51.326	15.0664	63.8778	465.066	2841.62	
96.8501	75.5505	40.0483	86.8699	79.8155	75.4647	70.7135	14.1696	802.545	2568.32	
13.936	78.9703	100	51.9375	87.4596	58.4472	39.6699	74.6513	233.32	3766.03	
52.0292	75.8706	65.5389	5.55117	92.7949	68.797	28.3621	46.2871	3211.44	1978	
52.0292	75.8706	71.8618	10.8512	93.9171	60.3869	40.2069	57.3222	3948.53	1939.78	



#Generation 7 / 20
currentGen	7
evaluateCount	70
totalTime	39.3216
firstFrontCount	10
frontCount	1
avgEvalTime	0.523181
#end
Var1	Var2	Var3	Var4	Var5	Var6	Var7	Var8	Obj1	Obj2	
49.2303	75.8706	69.9523	0	88.0837	90.9422	37.0467	46.2871	3880.31	1686.58	
6.28943	78.9703	100	51.9375	87.4596	66.8651	39.6699	74.6513	207.066	4323.92	
13.936	78.9703	100	51.9375	87.4596	58.4472	39.6699	74.6513	233.32	3766.03	
49.0766	22.9465	28.6515	52.23	82.388	51.326	15.0664	63.8778	465.066	2841.62	
83.2785	42.4269	74.5121	33.5469	50.9465	43.4503	58.2451	34.6393	1317.94	2519.3	
52.0292	75.8706	71.8618	17.6611	93.9171	60.3869	40.2069	57.3222	2150.37	2331.71	
96.8501	75.5505	40.0483	86.8699	79.8155	75.4647	70.7135	14.1696	802.545	2568.32	
52.0292	75.8706	65.5389	5.55117	92.7949	68.797	28.3621	46.2871	3211.44	1978	
94.6001	42.4269	68.9422	18.2844	75.5299	36.4507	56.1128	49.7831	2759.46	2002.74	
52.0292	72.5283	67.4483	8.31908	95.3417	60.3869	37.5631	57.3222	3641.95	1945.19	



#Generation 8 / 20
currentGen	8
evaluateCount	80
totalTime	44.5958
firstFrontCount	10
frontCount	1
avgEvalTime	0.526846
#end
Var1	Var2	Var3	Var4	Var5	Var6	Var7	Var8	Obj1	Obj2	
6.28943	78.9703	100	51.9375	87.4596	66.8651	39.6699	74.6513	207.066	4323.92	
49.2303	75.8706	69.9523	0	88.0837	90.9422	37.0467	46.2871	3880.31	1686.58	
52.0292	75.8706	71.8618	17.6611	93.9171	60.3869	40.2069	57.3222	2150.37	2331.71	
83.2785	42.4269	74.5121	33.5469	50.9465	43.4503	58.2451	34.6393	1317.94	2519.3	
13.936	78.9703	100	51.9375	87.4596	58.4472	39.6699	74.6513	233.32	3766.03	
94.6001	42.4269	68.9422	18.2844	75.5299	36.4507	56.1128	49.7831	2759.46	2002.74	
43.3584	75.9046	100	51.9375	87.4596	66.8651	39.6699	43.8033	429.18	3279.51	
49.2303	89.5844	73.5304	0	84.3154	90.9422	37.0467	46.2871	3514.23	1892.13	
96.8501	75.5505	40.0483	86.8699	79.8155	75.4647	70.7135	14.1696	802.545	2568.32	
49.0766	22.9465	28.6515	52.23	82.388	51.326	15.0664	63.8778	465.066	2841.62	



#Generation 9 / 20
currentGen	9
evaluateCount	90
totalTime	49.8544
firstFrontCount	10
frontCount	1
avgEvalTime	0.525382
#end
Var1	Var2	Var3	Var4	Var5	Var6	Var7	Var8	Obj1	Obj2	
13.3003	78.9703	100	51.9375	78.0985	58.4472	39.1224	74.6513	171.003	3895.2	
49.2303	75.8706	69.9523	0	88.0837	90.9422	37.0467	46.2871	3880.31	1686.58	
52.0292	75.8706	71.8618	17.6611	93.9171	60.3869	40.2069	57.3222	2150.37	2331.71	
43.3584	75.9046	100	51.9375	87.4596	66.8651	39.6699	43.8033	429.18	3279.51	
50.0762	75.8706	67.5909	18.9945	93.9171	60.3869	40.1335	57.3222	1263.28	2465.36	
49.2303	89.5844	73.5304	0	84.3154	90.9422	37.0467	46.2871	3514.23	1892.13	
49.0766	22.9465	28.6515	52.23	82.388	51.326	15.0664	63.8778	465.066	2841.62	
96.8501	75.5505	40.0483	86.8699	79.8155	75.4647	70.7135	14.1696	802.545	2568.32	
13.936	78.9703	100	51.9375	87.4596	58.4472	39.6699	74.6513	233.32	3766.03	
94.6001	42.4269	68.9422	18.2844	75.5299	36.4507	56.1128	49.7831	2759.46	2002.74	



#Generation 10 / 20
currentGen	10
evaluateCount	100
totalTime	55.2118
firstFrontCount	10
frontCount	1
avgEvalTime	0.535164
#end
Var1	Var2	Var3	Var4	Var5	Var6	Var7	Var8	Obj1	Obj2	
49.2303	75.8706	69.9523	0	88.0837	90.9422	37.0467	46.2871	3880.31	1686.58	
13.3003	78.9703	100	51.9375	78.0985	58.4472	39.1224	74.6513	171.003	3895.2	
94.6001	42.4269	68.9422	18.2844	75.5299	36.4507	56.1128	49.7831	2759.46	2002.74	
52.0292	75.8706	71.8618	17.6611	93.9171	60.3869	40.2069	57.3222	2150.37	2331.71	
49.2303	89.5844	73.5304	0	84.3154	90.9422	37.0467	46.2871	3514.23	1892.13	
43.3584	75.9046	100	51.9375	87.4596	66.8651	39.6699	43.8033	429.18	3279.51	
96.8501	75.5505	40.0483	86.8699	79.8155	75.4647	70.7135	14.1696	802.545	2568.32	
29.0229	78.9703	100	51.9375	87.4596	58.4472	40.2155	74.6513	192.2	3722.06	
50.0762	75.8706	67.5909	18.9945	93.9171	60.3869	40.1335	57.3222	1263.28	2465.36	
50.0762	75.8706	67.5909	18.9945	93.9171	61.3735	39.588	57.3222	1749.3	2412.64	



#Generation 11 / 20
currentGen	11
evaluateCount	110
totalTime	60.7294
firstFrontCount	10
frontCount	1
avgEvalTime	0.531282
#end
Var1	Var2	Var3	Var4	Var5	Var6	Var7	Var8	Obj1	Obj2	
13.3003	78.9703	100	51.9375	78.0985	58.4472	39.1224	74.6513	171.003	3895.2	
49.2303	75.8706	69.9523	0	88.0837	90.9422	37.0467	46.2871	3880.31	1686.58	
43.3584	75.9046	100	51.9375	87.4596	66.8651	39.6699	43.8033	429.18	3279.51	
48.005	91.1396	55.2141	33.6211	88.0837	45.4711	37.0467	46.2871	720.504	2754.05	
29.0229	78.9703	100	51.9375	87.4596	58.4472	40.2155	74.6513	192.2	3722.06	
94.6001	42.4269	68.9422	18.2844	75.5299	36.4507	56.1128	49.7831	2759.46	2002.74	
94.6001	42.4269	68.4152	18.2844	77.8589	49.977	56.1128	60.2848	2371	2146.99	
50.0762	75.8706	67.5909	18.9945	93.9171	61.3735	39.588	57.3222	1749.3	2412.64	
52.0292	75.8706	71.8618	17.6611	93.9171	60.3869	40.2069	57.3222	2150.37	2331.71	
49.2303	89.5844	73.5304	0	84.3154	90.9422	37.0467	46.2871	3514.23	1892.13	



#Generation 12 / 20
currentGen	12
evaluateCount	120
totalTime	66.0721
firstFrontCount	8
frontCount	2
avgEvalTime	0.533794
#end
Var1	Var2	Var3	Var4	Var5	Var6	Var7	Var8	Obj1	Obj2	
49.2303	75.8706	69.9523	0	88.0837	90.9422	37.0467	46.2871	3880.31	1686.58	
48.005	91.1396	55.2141	33.6211	88.0837	45.4711	37.0467	46.2871	720.504	2754.05	
94.6001	42.4269	68.9422	18.2844	75.5299	36.4507	56.1128	49.7831	2759.46	2002.74	
94.6001	42.4269	68.4152	18.2844	77.8589	49.977	56.1128	60.2848	2371	2146.99	
50.0762	75.8706	67.5909	18.9945	93.9171	61.3735	39.588	57.3222	1749.3	2412.64	
52.0292	75.8706	71.8618	17.6611	93.9171	60.3869	40.2069	57.3222	2150.37	2331.71	
49.2303	89.5844	73.5304	0	84.3154	90.9422	37.0467	46.2871	3514.23	1892.13	
43.3584	75.9046	100	51.9375	87.4596	66.8651	39.6699	43.8033	155.096	3113.06	
60.0088	59.0471	69.9523	0	88.0837	90.9422	37.0467	46.2871	4303.26	1745.89	
13.3003	78.9703	100	51.9375	78.0985	58.4472	39.1224	74.6513	171.003	3895.2	



#Generation 13 / 20
currentGen	13
evaluateCount	130
totalTime	71.4528
firstFrontCount	10
frontCount	1
avgEvalTime	0.537631
#end
Var1	Var2	Var3	Var4	Var5	Var6	Var7	Var8	Obj1	Obj2	
49.2303	75.8706	69.9523	0	88.0837	90.9422	37.0467	46.2871	3880.31	1686.58	
48.005	91.1396	55.2141	33.6211	88.0837	45.4711	37.0467	46.2871	720.504	2754.05	
94.6001	42.4269	68.9422	18.2844	75.5299	36.4507	56.1128	49.7831	2759.46	2002.74	
50.0762	75.8706	67.5909	18.9945	93.9171	61.3735	39.588	57.3222	1749.3	2412.64	
43.3584	75.9046	100	51.9375	87.4596	66.8651	39.6699	43.8033	155.096	3113.06	
94.6001	42.6209	77.3772	13.2532	77.8589	49.977	56.1128	60.2848	2910.44	1998.08	
100	42.4269	68.4152	18.2844	91.6611	49.977	56.1128	60.2848	2120.34	2046.89	
43.3584	80.1705	100	50.1991	99.447	66.8651	39.6699	43.8033	565.229	3053.75	
52.0292	69.6597	71.8618	17.6611	83.4656	67.208	32.5083	58.4809	1858.61	2332.3	
100	81.8721	69.9774	18.2844	85.241	36.4507	56.1128	41.8132	3226.62	1871.94	



#Generation 14 / 20
currentGen	14
evaluateCount	140
totalTime	76.7473
firstFrontCount	10
frontCount	1
avgEvalTime	0.528933
#end
Var1	Var2	Var3	Var4	Var5	Var6	Var7	Var8	Obj1	Obj2	
43.3584	75.9046	100	51.9375	87.4596	66.8651	39.6699	43.8033	155.096	3113.06	
49.2303	75.8706	69.9523	0	88.0837	90.9422	37.0467	46.2871	3880.31	1686.58	
48.005	91.1396	55.2141	33.6211	88.0837	45.4711	37.0467	46.2871	720.504	2754.05	
37.0075	91.1396	66.9782	33.6211	88.0837	45.4711	28.1379	32.1429	1646.44	2674.27	
100	81.8721	69.9774	18.2844	85.241	36.4507	56.1128	41.8132	3226.62	1871.94	
100	42.4269	68.4152	18.2844	91.6611	49.977	56.1128	60.2848	2120.34	2046.89	
100	49.3191	68.4152	18.2844	91.6611	49.977	66.4212	61.8565	2738.26	1973.24	
52.0292	69.6597	71.8618	17.6611	83.4656	67.208	32.5083	58.4809	1858.61	2332.3	
50.0762	75.8706	67.5909	18.9945	93.9171	61.3735	39.588	57.3222	1749.3	2412.64	
43.3584	80.1705	100	50.1991	99.447	66.8651	39.6699	43.8033	565.229	3053.75	



#Generation 15 / 20
currentGen	15
evaluateCount	150
totalTime	82.0593
firstFrontCount	10
frontCount	1
avgEvalTime	0.530766
#end
Var1	Var2	Var3	Var4	Var5	Var6	Var7	Var8	Obj1	Obj2	
49.2303	75.8706	69.9523	0	88.0837	90.9422	37.0467	46.2871	3880.31	1686.58	
43.3584	75.9046	100	51.9375	87.4596	66.8651	39.6699	43.8033	155.096	3113.06	
100	81.8721	69.9774	18.2844	85.241	36.4507	56.1128	41.8132	3226.62	1871.94	
100	42.4269	68.4152	18.2844	91.6611	49.977	56.1128	60.2848	2120.34	2046.89	
100	49.3191	68.4152	18.2844	91.6611	49.977	66.4212	61.8565	2738.26	1973.24	
48.005	91.1396	55.2141	33.6211	88.0837	45.4711	37.0467	46.2871	720.504	2754.05	
52.0292	69.6597	71.8618	17.6611	83.4656	67.208	32.5083	58.4809	1858.61	2332.3	
49.9822	91.1396	55.2141	33.6211	88.0837	45.4711	23.8006	49.6945	1446.98	2712.39	
50.0762	75.8706	67.5909	18.9945	93.9171	61.3735	39.588	57.3222	1749.3	2412.64	
37.0075	91.1396	66.9782	33.6211	88.0837	45.4711	28.1379	32.1429	1646.44	2674.27	



#Generation 16 / 20
currentGen	16
evaluateCount	160
totalTime	87.4871
firstFrontCount	10
frontCount	1
avgEvalTime	0.529063
#end
Var1	Var2	Var3	Var4	Var5	Var6	Var7	Var8	Obj1	Obj2	
49.2303	71.4197	62.523	0	87.2315	90.9422	37.0467	39.1111	4492.87	1593.16	
43.3584	75.9046	100	51.9375	87.4596	66.8651	39.6699	43.8033	155.096	3113.06	
48.005	91.1396	55.2141	33.6211	88.0837	45.4711	37.0467	46.2871	720.504	2754.05	
49.2303	75.8706	69.9523	0	88.0837	90.9422	37.0467	46.2871	3880.31	1686.58	
100	81.8721	69.9774	18.2844	85.241	36.4507	56.1128	41.8132	3226.62	1871.94	
100	42.4269	68.4152	18.2844	91.6611	49.977	56.1128	60.2848	2120.34	2046.89	
48.005	91.1396	55.2141	33.6211	89.9719	45.4711	38.9733	46.2871	984.065	2673.93	
54.8176	69.6597	86.7772	17.6611	83.4656	67.208	32.5083	58.4809	1544.78	2480.51	
83.7309	62.252	66.9782	33.6211	89.3907	45.4711	28.1379	32.1429	2049.32	2308.8	
100	49.3191	68.4152	18.2844	91.6611	49.977	66.4212	61.8565	2738.26	1973.24	



#Generation 17 / 20
currentGen	17
evaluateCount	170
totalTime	92.9014
firstFrontCount	10
frontCount	1
avgEvalTime	0.540954
#end
Var1	Var2	Var3	Var4	Var5	Var6	Var7	Var8	Obj1	Obj2	
43.3584	75.9046	100	51.9375	87.4596	66.8651	39.6699	43.8033	155.096	3113.06	
49.2303	71.4197	62.523	0	87.2315	90.9422	37.0467	39.1111	4492.87	1593.16	
49.2303	75.8706	69.9523	0	88.0837	90.9422	37.0467	46.2871	3880.31	1686.58	
54.8176	69.6597	86.7772	17.6611	83.4656	67.208	32.5083	58.4809	1544.78	2480.51	
100	70.2365	72.3172	18.2844	91.6611	66.4327	56.1128	49.7789	2970.36	1870.47	
100	42.4269	68.4152	18.2844	91.6611	49.977	51.1229	60.2848	1665.73	2199.37	
100	42.4269	68.4152	18.2844	91.6611	49.977	56.1128	60.2848	2120.34	2046.89	
48.005	91.1396	55.2141	33.6211	89.9719	45.4711	38.9733	46.2871	984.065	2673.93	
43.3584	75.9046	100	39.7222	89.6321	66.8651	37.058	43.8033	625.914	3048.33	
48.005	91.1396	55.2141	33.6211	88.0837	45.4711	37.0467	46.2871	720.504	2754.05	



#Generation 18 / 20
currentGen	18
evaluateCount	180
totalTime	98.557
firstFrontCount	10
frontCount	1
avgEvalTime	0.565154
#end
Var1	Var2	Var3	Var4	Var5	Var6	Var7	Var8	Obj1	Obj2	
49.2303	71.4197	62.523	0	87.2315	90.9422	37.0467	39.1111	4492.87	1593.16	
43.3584	75.9046	100	51.9375	87.4596	66.8651	39.6699	43.8033	155.096	3113.06	
49.2303	75.8706	69.9523	0	88.0837	90.9422	37.0467	46.2871	3880.31	1686.58	
100	70.2365	72.3172	18.2844	91.6611	66.4327	56.1128	49.7789	2970.36	1870.47	
54.8176	69.6597	86.7772	17.6611	83.4656	67.208	32.5083	58.4809	1544.78	2480.51	
100	42.4269	68.4152	18.2844	91.6611	49.977	51.1229	60.2848	1665.73	2199.37	
48.005	91.1396	55.2141	33.6211	89.9719	45.4711	38.9733	46.2871	984.065	2673.93	
43.3584	75.9046	100	39.7222	89.6321	66.8651	37.058	43.8033	625.914	3048.33	
48.005	91.1396	55.2141	33.6211	88.0837	45.4711	37.0467	46.2871	720.504	2754.05	
100	42.4369	69.7478	18.2844	91.6611	49.977	56.1128	58.2064	2683.66	2025.89	



#Generation 19 / 20
currentGen	19
evaluateCount	190
totalTime	103.814
firstFrontCount	10
frontCount	1
avgEvalTime	0.525176
#end
Var1	Var2	Var3	Var4	Var5	Var6	Var7	Var8	Obj1	Obj2	
43.3584	75.9046	100	51.9375	87.4596	66.8651	39.6699	43.8033	155.096	3113.06	
49.2303	71.4197	62.523	0	87.2315	90.9422	37.0467	39.1111	4492.87	1593.16	
100	42.4269	68.4152	18.2844	91.6611	49.977	51.1229	60.2848	1665.73	2199.37	
54.8176	69.6597	86.7772	17.6611	83.4656	67.208	32.5083	58.4809	1544.78	2480.51	
100	70.2365	72.3172	18.2844	91.6611	66.4327	56.1128	49.7789	2970.36	1870.47	
48.005	91.1396	55.2141	33.6211	89.9719	45.4711	38.9733	46.2871	984.065	2673.93	
43.3584	75.9046	100	39.7222	89.6321	66.8651	37.058	43.8033	625.914	3048.33	
98.3308	74.6108	71.8623	11.2942	89.6891	83.1531	37.0467	46.2871	2629.74	2077.44	
70.3669	63.4008	70.173	0	92.9272	63.5159	55.6053	46.2871	3827.18	1824.42	
48.005	91.1396	55.2141	33.6211	88.0837	45.4711	37.0467	46.2871	720.504	2754.05	



#Generation 20 / 20
currentGen	20
evaluateCount	200
totalTime	109.103
firstFrontCount	10
frontCount	1
avgEvalTime	0.528554
#end
Var1	Var2	Var3	Var4	Var5	Var6	Var7	Var8	Obj1	Obj2	
49.2303	71.4197	62.523	0	87.2315	90.9422	37.0467	39.1111	4492.87	1593.16	
43.3584	75.9046	100	51.9375	87.4596	66.8651	39.6699	43.8033	155.096	3113.06	
70.3669	63.4008	70.173	0	92.9272	63.5159	55.6053	46.2871	3827.18	1824.42	
98.3308	74.6108	71.8623	11.2942	89.6891	83.1531	37.0467	46.2871	2629.74	2077.44	
100	42.4269	68.4152	18.2844	91.6611	49.977	51.1229	60.2848	1665.73	2199.37	
54.8176	69.6597	86.7772	17.6611	83.4656	67.208	32.5083	58.4809	1544.78	2480.51	
100	70.2365	72.3172	18.2844	91.6611	66.4327	56.1128	49.7789	2970.36	1870.47	
48.005	91.1396	55.2141	33.6211	89.9719	45.4711	38.9733	46.2871	984.065	2673.93	
48.005	91.1396	55.2141	33.6211	88.0837	45.4711	37.0467	46.2871	720.504	2754.05	
43.3584	75.9046	100	39.7222	89.6321	66.8651	37.058	43.8033	625.914	3048.33	



